# <unix time> <bytes of out/big.bin>, polled every 0.05 s, Finder copy, run s2
1790900073.846 0
1790900074.466 8388608
1790900074.947 16777216
1790900075.019 33554432
1790900075.496 41943040
1790900075.697 50331648
1790900075.769 58720256
1790900076.043 67108864
1790900076.324 83886080
1790900076.594 92274688
1790900076.866 109051904
1790900077.142 117440512
1790900077.413 125829120
1790900077.484 134217728
1790900077.822 142606336
1790900077.891 150994944
1790900078.171 159383552
1790900078.437 167772160
1790900078.575 184549376
1790900079.049 192937984
1790900079.186 201326592
1790900079.252 209715200
1790900079.593 218103808
1790900079.800 234881024
1790900080.145 243269632
1790900080.278 251658240
1790900080.412 260046848
1790900080.680 268435456
1790900080.819 276824064
1790900080.954 285212672
1790900081.285 293601280
1790900081.633 301989888
1790900081.704 310378496
1790900082.046 318767104
1790900082.319 335544320
1790900082.595 343932928
1790900083.204 360710144
1790900084.156 377487360
1790900084.227 402653184
1790900084.363 411041792
1790900084.704 419430400
1790900084.970 427819008
1790900085.037 436207616
1790900085.519 444596224
1790900085.920 461373440
1790900086.054 469762048
1790900086.387 478150656
1790900086.594 494927872
1790900086.867 503316480
1790900087.073 511705088
1790900087.136 520093696
1790900087.403 528482304
1790900087.540 536870912
1790900087.611 545259520
1790900087.958 553648128
1790900088.097 562036736
1790900088.169 570425344
1790900088.441 578813952
1790900088.645 595591168
1790900089.115 603979776
1790900089.252 620756992
1790900089.455 629145600
1790900089.665 637534208
1790900089.736 645922816
1790900089.938 654311424
1790900090.145 662700032
1790900090.421 679477248
1790900090.769 687865856
1790900090.840 696254464
1790900090.978 704643072
1790900091.255 713031680
1790900091.322 721420288
1790900091.460 729808896
1790900091.865 746586112
1790900092.069 754974720
1790900092.547 780140544
1790900093.154 788529152
1790900093.225 796917760
1790900093.294 805306368
1790900093.771 822083584
1790900093.841 830472192
1790900094.246 847249408
1790900094.381 855638016
1790900094.662 864026624
1790900094.804 872415232
1790900094.871 880803840
1790900095.212 889192448
1790900095.351 897581056
1790900095.419 905969664
1790900095.900 922746880
1790900096.037 931135488
1790900098.562 939524096
1790900099.038 947912704
1790900099.447 956301312
1790900099.520 989855744
1790900099.587 1006632960
1790900099.994 1023410176
1790900100.131 1031798784
1790900100.549 1040187392
1790900100.753 1048576000
1790900101.026 1056964608
1790900101.368 1065353216
1790900101.578 1073741824
