# <unix time> <bytes of out/big.bin>, polled every 0.05 s, Finder copy, run v1
1790884359.358 0
1790884359.984 8388608
1790884360.811 16777216
1790884361.579 25165824
1790884362.060 33554432
1790884362.677 41943040
1790884365.798 50331648
1790884366.284 58720256
1790884366.763 67108864
1790884367.318 75497472
1790884367.799 83886080
1790884368.341 92274688
1790884368.896 100663296
1790884369.245 109051904
1790884369.590 117440512
1790884370.135 125829120
1790884370.481 134217728
1790884370.968 142606336
1790884371.457 150994944
1790884372.005 159383552
1790884372.348 167772160
1790884372.768 176160768
1790884373.323 184549376
1790884373.936 192937984
1790884374.420 201326592
1790884374.770 209715200
1790884375.182 218103808
1790884375.458 226492416
1790884375.936 234881024
1790884376.411 243269632
1790884376.965 251658240
1790884377.373 260046848
1790884378.058 268435456
1790884378.402 276824064
1790884379.076 285212672
1790884379.490 293601280
1790884379.773 301989888
1790884380.186 310378496
1790884380.742 318767104
1790884381.231 327155712
1790884381.576 335544320
1790884381.923 343932928
1790884382.340 352321536
1790884382.749 360710144
1790884383.090 369098752
1790884383.577 377487360
1790884384.127 385875968
1790884384.611 394264576
1790884385.230 402653184
1790884385.643 411041792
1790884386.063 419430400
1790884386.472 427819008
1790884386.819 436207616
1790884387.227 444596224
1790884387.643 452984832
1790884388.244 461373440
1790884388.867 469762048
1790884389.344 478150656
1790884389.824 486539264
1790884390.448 494927872
1790884390.863 503316480
1790884391.699 511705088
1790884392.312 520093696
1790884392.721 528482304
1790884393.070 536870912
1790884393.558 545259520
1790884393.836 553648128
1790884394.532 562036736
1790884394.883 570425344
1790884395.433 578813952
1790884395.714 587202560
1790884396.129 595591168
1790884396.540 603979776
1790884396.943 612368384
1790884397.287 620756992
1790884397.846 629145600
1790884398.401 637534208
1790884399.094 645922816
1790884399.443 654311424
1790884400.069 662700032
1790884400.609 671088640
1790884401.090 679477248
1790884401.577 687865856
1790884402.065 696254464
1790884402.544 704643072
1790884403.093 713031680
1790884403.573 721420288
1790884403.990 729808896
1790884404.474 738197504
1790884404.886 746586112
1790884405.369 754974720
1790884405.778 763363328
1790884406.193 771751936
1790884406.602 780140544
1790884407.154 788529152
1790884407.627 796917760
1790884408.037 805306368
1790884408.720 813694976
1790884409.061 822083584
1790884409.411 830472192
1790884409.969 838860800
1790884410.586 847249408
1790884410.934 855638016
1790884411.343 864026624
1790884411.831 872415232
1790884412.249 880803840
1790884412.519 889192448
1790884413.000 897581056
1790884413.352 905969664
1790884413.978 914358272
1790884414.327 922746880
1790884414.810 931135488
1790884415.155 939524096
1790884415.636 947912704
1790884416.111 956301312
1790884418.039 964689920
1790884418.454 973078528
1790884419.146 981467136
1790884419.776 989855744
1790884420.818 998244352
1790884421.024 1006632960
1790884421.636 1015021568
1790884422.186 1023410176
1790884422.884 1031798784
1790884424.731 1040187392
1790884425.285 1048576000
1790884425.698 1056964608
1790884426.181 1065353216
1790884426.598 1073741824
