# <unix time> <bytes of out/big.bin>, polled every 0.05 s, Finder copy, run v2
1790900187.238 0
1790900188.001 8388608
1790900188.340 16777216
1790900188.619 25165824
1790900189.098 33554432
1790900189.572 41943040
1790900189.982 50331648
1790900190.260 58720256
1790900190.936 67108864
1790900191.763 75497472
1790900192.294 83886080
1790900192.913 92274688
1790900193.332 100663296
1790900193.743 109051904
1790900194.292 117440512
1790900194.775 125829120
1790900194.983 134217728
1790900195.387 142606336
1790900195.929 150994944
1790900196.343 159383552
1790900196.612 167772160
1790900197.024 176160768
1790900197.434 184549376
1790900197.912 192937984
1790900198.601 201326592
1790900199.077 209715200
1790900199.558 218103808
1790900199.970 226492416
1790900200.245 234881024
1790900200.512 243269632
1790900200.985 251658240
1790900201.528 260046848
1790900201.927 268435456
1790900202.269 276824064
1790900202.750 285212672
1790900203.162 293601280
1790900203.628 301989888
1790900203.907 310378496
1790900204.382 318767104
1790900204.996 327155712
1790900205.546 335544320
1790900206.094 343932928
1790900206.503 352321536
1790900206.915 360710144
1790900207.254 369098752
1790900207.533 377487360
1790900207.880 385875968
1790900208.223 394264576
1790900208.635 402653184
1790900209.111 411041792
1790900209.657 419430400
1790900210.005 427819008
1790900210.353 436207616
1790900210.553 444596224
1790900210.833 452984832
1790900211.106 461373440
1790900211.729 469762048
1790900212.070 478150656
1790900212.415 486539264
1790900212.760 494927872
1790900213.104 503316480
1790900213.587 511705088
1790900213.862 520093696
1790900214.207 528482304
1790900214.687 536870912
1790900215.374 545259520
1790900215.717 553648128
1790900215.995 562036736
1790900216.477 570425344
1790900216.879 578813952
1790900217.152 587202560
1790900217.561 595591168
1790900218.312 603979776
1790900218.727 612368384
1790900219.139 620756992
1790900219.545 629145600
1790900220.229 637534208
1790900220.710 645922816
1790900221.194 654311424
1790900221.873 662700032
1790900222.146 671088640
1790900222.547 679477248
1790900223.028 687865856
1790900223.571 696254464
1790900223.777 704643072
1790900224.190 713031680
1790900224.676 721420288
1790900225.435 729808896
1790900225.703 738197504
1790900226.253 746586112
1790900226.807 754974720
1790900227.353 763363328
1790900227.765 771751936
1790900228.323 780140544
1790900228.809 788529152
1790900229.628 796917760
1790900230.387 805306368
1790900231.002 813694976
1790900231.412 822083584
1790900231.685 830472192
1790900232.164 838860800
1790900232.576 847249408
1790900232.986 855638016
1790900233.319 864026624
1790900233.729 872415232
1790900234.142 880803840
1790900234.348 889192448
1790900234.827 897581056
1790900235.101 905969664
1790900235.579 914358272
1790900235.846 922746880
1790900236.260 931135488
1790900236.468 939524096
1790900236.877 947912704
1790900237.220 956301312
1790900237.704 964689920
1790900238.252 973078528
1790900238.663 981467136
1790900239.143 989855744
1790900239.621 998244352
1790900240.101 1006632960
1790900240.856 1015021568
1790900241.595 1023410176
1790900242.140 1031798784
1790900242.550 1040187392
1790900242.968 1048576000
1790900243.379 1056964608
1790900243.853 1065353216
1790900244.129 1073741824
