# <unix time> <bytes of out/big.bin>, polled every 0.05 s, Finder copy, run s1
1790899895.139 0
1790899895.566 8388608
1790899896.596 16777216
1790899896.667 25165824
1790899896.806 33554432
1790899897.087 41943040
1790899897.441 58720256
1790899897.714 67108864
1790899898.410 92274688
1790899898.698 100663296
1790899898.979 109051904
1790899899.122 117440512
1790899899.264 125829120
1790899899.816 134217728
1790899899.955 150994944
1790899900.506 167772160
1790899900.578 176160768
1790899901.059 184549376
1790899901.199 192937984
1790899901.341 201326592
1790899901.683 209715200
1790899901.959 218103808
1790899902.027 226492416
1790899902.364 234881024
1790899902.647 251658240
1790899902.928 260046848
1790899903.214 276824064
1790899903.429 285212672
1790899903.784 293601280
1790899904.196 310378496
1790899904.405 318767104
1790899904.756 327155712
1790899904.830 335544320
1790899905.043 343932928
1790899905.317 352321536
1790899905.387 360710144
1790899905.938 385875968
1790899906.617 394264576
1790899906.826 411041792
1790899907.108 419430400
1790899907.388 436207616
1790899907.596 444596224
1790899908.154 461373440
1790899908.293 469762048
1790899908.576 478150656
1790899908.864 486539264
1790899908.934 494927872
1790899909.356 503316480
1790899909.566 511705088
1790899909.773 520093696
1790899912.426 528482304
1790899912.846 536870912
1790899913.264 553648128
1790899913.338 587202560
1790899913.551 595591168
1790899913.830 603979776
1790899913.903 612368384
1790899914.183 620756992
1790899914.323 629145600
1790899914.462 637534208
1790899914.667 645922816
1790899915.697 654311424
1790899915.769 687865856
1790899916.183 704643072
1790899916.462 713031680
1790899916.742 721420288
1790899916.811 729808896
1790899917.020 738197504
1790899917.221 746586112
1790899917.288 754974720
1790899917.627 763363328
1790899917.697 771751936
1790899917.908 780140544
1790899918.183 788529152
1790899918.253 796917760
1790899918.395 805306368
1790899918.672 813694976
1790899918.875 822083584
1790899919.079 830472192
1790899919.346 847249408
1790899919.757 855638016
1790899920.098 864026624
1790899920.238 872415232
1790899920.511 880803840
1790899920.721 897581056
1790899920.934 905969664
1790899921.278 914358272
1790899921.479 922746880
1790899921.549 931135488
1790899921.824 939524096
1790899922.102 956301312
1790899922.238 964689920
1790899922.513 973078528
1790899922.719 981467136
1790899922.924 989855744
1790899923.131 1006632960
1790899923.468 1015021568
1790899923.609 1023410176
1790899923.746 1031798784
1790899924.022 1040187392
1790899924.155 1048576000
1790899924.363 1056964608
1790899924.563 1065353216
1790899924.843 1073741824
